# relative_time, cycles_done, cur_item, corpus_count, pending_total, pending_favs, map_size, saved_crashes, saved_hangs, max_depth, execs_per_sec, total_execs, edges_found
64, 0, 2, 21, 19, 1, 6.33%, 0, 0, 2, 5.48, 249, 4151
70, 0, 2, 22, 20, 1, 6.38%, 0, 0, 2, 5.27, 262, 4178
78, 0, 2, 24, 22, 1, 6.54%, 0, 0, 2, 5.03, 288, 4289
84, 0, 2, 27, 25, 1, 6.67%, 0, 0, 2, 5.48, 327, 4371
91, 0, 2, 29, 27, 1, 6.77%, 0, 0, 2, 5.38, 353, 4440
98, 0, 2, 31, 29, 1, 6.83%, 0, 0, 2, 5.18, 379, 4475
103, 0, 2, 33, 31, 1, 6.88%, 0, 0, 2, 5.12, 405, 4511
111, 0, 2, 35, 33, 1, 7.41%, 1, 0, 2, 3.59, 433, 4855
117, 0, 2, 37, 35, 1, 7.57%, 1, 0, 2, 3.71, 459, 4962
124, 0, 2, 39, 37, 1, 7.70%, 1, 0, 2, 3.76, 485, 5045
132, 0, 2, 41, 39, 1, 7.74%, 1, 0, 2, 3.76, 512, 5073
139, 0, 2, 43, 41, 1, 7.79%, 1, 0, 2, 3.80, 538, 5104
146, 0, 2, 45, 43, 1, 7.90%, 1, 0, 2, 3.69, 565, 5176
152, 0, 2, 46, 44, 1, 7.93%, 1, 0, 2, 3.61, 578, 5195
157, 0, 2, 47, 45, 1, 7.96%, 2, 0, 2, 3.49, 592, 5218
162, 0, 2, 49, 47, 1, 8.02%, 2, 0, 2, 3.72, 619, 5253
168, 0, 2, 51, 49, 1, 8.10%, 2, 0, 2, 3.86, 645, 5310
173, 0, 2, 52, 50, 1, 8.12%, 2, 0, 2, 3.78, 659, 5323
179, 0, 2, 53, 51, 1, 8.16%, 2, 0, 2, 3.68, 672, 5348
184, 0, 2, 55, 53, 1, 8.21%, 2, 0, 2, 3.87, 698, 5381
191, 0, 2, 57, 55, 1, 8.24%, 2, 0, 2, 3.93, 724, 5402
198, 0, 2, 59, 57, 1, 8.30%, 2, 0, 2, 3.94, 751, 5441
205, 0, 2, 61, 59, 1, 8.66%, 2, 0, 2, 3.90, 777, 5677
211, 0, 2, 63, 61, 1, 8.68%, 2, 0, 2, 4.02, 804, 5687
221, 0, 2, 66, 64, 1, 8.72%, 2, 0, 2, 4.11, 844, 5716
229, 0, 2, 69, 67, 1, 8.79%, 2, 0, 2, 4.27, 883, 5762
236, 0, 2, 71, 69, 1, 9.02%, 2, 0, 2, 4.19, 909, 5911
245, 0, 2, 73, 71, 1, 9.09%, 2, 0, 2, 4.05, 935, 5955
251, 0, 2, 75, 73, 1, 9.39%, 2, 0, 2, 4.13, 961, 6154
257, 0, 2, 77, 75, 1, 9.47%, 2, 0, 2, 4.15, 988, 6209
264, 0, 2, 79, 77, 1, 9.59%, 2, 0, 2, 4.09, 1014, 6282
271, 0, 2, 81, 79, 1, 9.64%, 2, 0, 2, 4.08, 1042, 6317
279, 0, 2, 82, 80, 1, 9.65%, 2, 0, 2, 3.92, 1055, 6322
285, 0, 2, 84, 82, 1, 9.67%, 2, 0, 2, 3.93, 1083, 6339
292, 0, 2, 86, 84, 1, 9.70%, 2, 0, 2, 3.92, 1109, 6354
300, 0, 2, 88, 86, 1, 9.79%, 3, 0, 2, 7.75, 1137, 6415
307, 0, 2, 90, 88, 1, 9.82%, 3, 0, 2, 7.30, 1164, 6434
313, 0, 2, 91, 89, 1, 9.84%, 4, 0, 2, 0.74, 1180, 6451
319, 0, 2, 93, 91, 1, 9.88%, 4, 0, 2, 3.86, 1206, 6476
329, 0, 2, 96, 94, 1, 9.93%, 4, 0, 2, 4.07, 1248, 6507
336, 0, 2, 98, 96, 1, 9.96%, 4, 0, 2, 4.11, 1274, 6530
343, 0, 2, 100, 98, 1, 10.00%, 4, 0, 2, 4.02, 1302, 6551
349, 0, 2, 102, 100, 1, 10.03%, 4, 0, 2, 4.03, 1328, 6570
354, 0, 2, 103, 101, 1, 10.04%, 4, 0, 2, 3.94, 1341, 6578
360, 0, 2, 104, 102, 1, 10.05%, 4, 0, 2, 3.83, 1355, 6585
368, 0, 2, 106, 104, 1, 10.08%, 4, 0, 2, 3.83, 1381, 6604
374, 0, 2, 108, 106, 1, 10.11%, 4, 0, 2, 3.95, 1408, 6624
381, 0, 2, 111, 109, 1, 10.16%, 4, 0, 2, 4.50, 1447, 6657
388, 0, 2, 113, 111, 1, 10.20%, 4, 0, 2, 4.45, 1473, 6682
394, 0, 2, 115, 113, 1, 10.21%, 4, 0, 2, 4.43, 1499, 6692
401, 0, 2, 117, 115, 1, 10.33%, 4, 0, 2, 4.36, 1525, 6767
406, 0, 2, 118, 116, 1, 10.34%, 5, 0, 2, 0.85, 1541, 6774
411, 0, 2, 120, 118, 1, 10.36%, 5, 0, 2, 6.19, 1567, 6791
417, 0, 2, 122, 120, 1, 10.43%, 5, 0, 2, 5.92, 1594, 6835
427, 0, 2, 125, 123, 1, 10.47%, 5, 0, 2, 5.82, 1633, 6860
434, 0, 2, 127, 125, 1, 10.49%, 5, 0, 2, 5.44, 1661, 6874
442, 0, 2, 129, 127, 1, 10.52%, 5, 0, 2, 5.11, 1688, 6892
449, 0, 2, 131, 129, 1, 10.55%, 5, 0, 2, 4.90, 1714, 6917
455, 0, 2, 133, 131, 1, 10.60%, 5, 0, 2, 5.01, 1740, 6944
463, 0, 2, 135, 133, 1, 10.61%, 5, 0, 2, 4.80, 1767, 6952
473, 0, 2, 137, 135, 1, 10.63%, 5, 0, 2, 4.53, 1793, 6965
480, 0, 2, 139, 137, 1, 10.64%, 5, 0, 2, 4.66, 1819, 6973
485, 0, 2, 140, 138, 1, 10.65%, 5, 0, 2, 4.52, 1832, 6982
491, 0, 2, 142, 140, 1, 10.68%, 5, 0, 2, 4.53, 1858, 6999
500, 0, 2, 143, 141, 1, 10.68%, 6, 0, 2, 4.82, 1874, 7002
511, 0, 2, 145, 143, 1, 10.73%, 6, 0, 2, 4.52, 1901, 7035
518, 0, 2, 146, 144, 1, 10.75%, 6, 0, 2, 4.35, 1914, 7048
525, 0, 2, 149, 147, 1, 10.80%, 6, 0, 2, 4.65, 1953, 7076
531, 0, 2, 151, 149, 1, 10.83%, 6, 0, 2, 4.69, 1980, 7095
537, 0, 2, 153, 151, 1, 10.85%, 6, 0, 2, 4.64, 2006, 7111
545, 0, 2, 155, 153, 1, 10.91%, 6, 0, 2, 4.50, 2032, 7148
551, 0, 2, 156, 154, 1, 10.92%, 7, 0, 2, 0.79, 2049, 7154
557, 0, 2, 158, 156, 1, 10.98%, 7, 0, 2, 5.20, 2076, 7193
567, 0, 2, 161, 159, 1, 11.03%, 7, 0, 2, 5.15, 2116, 7226
572, 0, 2, 163, 161, 1, 11.11%, 7, 0, 2, 5.19, 2142, 7279
578, 0, 2, 165, 163, 1, 11.14%, 8, 0, 2, 0.88, 2170, 7300
583, 0, 2, 167, 165, 1, 11.20%, 8, 0, 2, 6.13, 2197, 7341
591, 0, 2, 169, 167, 1, 11.22%, 8, 0, 2, 5.83, 2223, 7352
599, 0, 2, 171, 169, 1, 11.25%, 8, 0, 2, 5.27, 2251, 7376
604, 0, 2, 172, 170, 1, 11.26%, 9, 0, 2, 4.60, 2267, 7378
613, 0, 2, 174, 172, 1, 11.34%, 9, 0, 2, 4.41, 2293, 7433
622, 0, 2, 176, 174, 1, 11.40%, 9, 0, 2, 4.22, 2320, 7469
628, 0, 2, 177, 175, 1, 11.55%, 9, 0, 2, 4.10, 2333, 7568
635, 0, 2, 179, 177, 1, 11.55%, 9, 0, 2, 3.92, 2361, 7569
640, 0, 2, 181, 179, 1, 11.57%, 9, 0, 2, 4.09, 2387, 7585
646, 0, 2, 183, 181, 1, 11.61%, 9, 0, 2, 4.47, 2417, 7612
655, 0, 2, 185, 183, 1, 11.66%, 9, 0, 2, 4.33, 2445, 7644
661, 0, 2, 187, 185, 1, 11.69%, 9, 0, 2, 4.29, 2471, 7662
666, 0, 2, 188, 186, 1, 11.69%, 9, 0, 2, 4.32, 2486, 7664
674, 0, 2, 189, 187, 1, 11.70%, 9, 0, 2, 4.16, 2500, 7666
680, 0, 2, 190, 188, 1, 11.71%, 9, 0, 2, 4.04, 2513, 7676
688, 0, 2, 192, 190, 1, 11.81%, 9, 0, 2, 3.98, 2539, 7743
697, 0, 2, 194, 192, 1, 11.82%, 9, 0, 2, 3.85, 2565, 7744
702, 0, 2, 195, 193, 1, 11.86%, 9, 0, 2, 3.68, 2580, 7770
707, 0, 2, 196, 194, 1, 11.96%, 10, 0, 2, 0.71, 2596, 7839
713, 0, 2, 198, 196, 1, 11.99%, 10, 0, 2, 7.75, 2622, 7855
721, 0, 2, 200, 198, 1, 12.04%, 10, 0, 2, 7.28, 2656, 7890
727, 0, 2, 202, 200, 1, 12.05%, 10, 0, 2, 6.75, 2684, 7900
733, 0, 2, 204, 202, 1, 12.07%, 10, 0, 2, 6.69, 2718, 7908
738, 0, 2, 206, 204, 1, 12.31%, 10, 0, 2, 6.98, 2749, 8068
743, 0, 2, 209, 207, 1, 12.34%, 10, 0, 2, 7.15, 2790, 8088
750, 0, 2, 213, 211, 1, 12.44%, 10, 0, 2, 7.50, 2843, 8151
756, 0, 2, 216, 214, 1, 12.56%, 10, 0, 2, 8.05, 2883, 8233
762, 0, 2, 220, 218, 1, 12.65%, 10, 0, 2, 8.37, 2937, 8289
768, 0, 2, 223, 221, 1, 12.82%, 10, 0, 2, 8.16, 2977, 8403
775, 0, 2, 225, 223, 1, 12.92%, 11, 0, 2, 7.65, 3008, 8467
780, 0, 2, 228, 226, 1, 12.96%, 11, 0, 2, 7.42, 3050, 8491
787, 0, 2, 231, 229, 1, 12.98%, 12, 0, 2, 2.16, 3094, 8505
794, 0, 2, 233, 231, 1, 13.05%, 12, 0, 2, 3.10, 3127, 8550
799, 0, 2, 237, 235, 1, 13.12%, 12, 0, 2, 4.89, 3183, 8598
806, 0, 2, 240, 238, 1, 13.17%, 13, 0, 2, 5.17, 3227, 8630
812, 0, 2, 243, 241, 1, 13.21%, 14, 0, 2, 6.77, 3278, 8657
817, 0, 2, 245, 243, 1, 13.23%, 14, 0, 2, 7.00, 3312, 8672
823, 0, 2, 248, 246, 1, 13.27%, 14, 0, 2, 7.27, 3353, 8697
828, 0, 2, 251, 249, 1, 13.32%, 15, 0, 2, 7.55, 3399, 8732
833, 0, 2, 254, 252, 1, 13.35%, 16, 0, 2, 1.44, 3441, 8748
841, 0, 2, 257, 255, 1, 13.39%, 16, 0, 2, 2.17, 3480, 8772
848, 0, 2, 260, 258, 1, 13.46%, 16, 0, 2, 3.26, 3522, 8819
853, 0, 2, 262, 260, 1, 13.48%, 16, 0, 2, 4.22, 3555, 8832
860, 0, 2, 265, 263, 1, 13.49%, 16, 0, 2, 4.46, 3594, 8842
867, 0, 2, 268, 266, 1, 13.55%, 16, 0, 2, 5.07, 3636, 8883
874, 0, 2, 272, 270, 1, 13.57%, 16, 0, 2, 6.03, 3692, 8895
879, 0, 2, 273, 271, 1, 13.58%, 17, 0, 2, 5.64, 3715, 8903
885, 0, 2, 275, 273, 1, 13.59%, 19, 0, 2, 5.50, 3749, 8906
893, 0, 2, 279, 277, 1, 13.67%, 19, 0, 2, 6.27, 3804, 8959
899, 0, 2, 282, 280, 1, 13.70%, 19, 0, 2, 6.76, 3845, 8976
904, 0, 2, 284, 282, 1, 13.72%, 19, 0, 2, 6.62, 3878, 8989
910, 0, 2, 286, 284, 1, 13.73%, 19, 0, 2, 6.50, 3907, 8999
915, 0, 2, 288, 286, 1, 13.75%, 19, 0, 2, 6.27, 3934, 9009
920, 0, 2, 291, 289, 1, 13.76%, 19, 0, 2, 7.13, 3981, 9018
926, 0, 2, 294, 292, 1, 13.91%, 19, 0, 2, 7.14, 4020, 9118
931, 0, 2, 297, 295, 1, 13.93%, 19, 0, 2, 7.53, 4061, 9127
937, 0, 2, 299, 297, 1, 13.99%, 20, 0, 2, 6.91, 4094, 9168
943, 0, 2, 303, 301, 1, 14.02%, 20, 0, 2, 7.70, 4146, 9187
949, 0, 2, 307, 305, 1, 14.06%, 20, 0, 2, 7.84, 4202, 9215
955, 0, 2, 310, 308, 1, 14.08%, 20, 0, 2, 7.91, 4241, 9228
962, 0, 2, 312, 310, 1, 14.09%, 21, 0, 2, 1.81, 4271, 9233
968, 0, 2, 315, 313, 1, 14.12%, 21, 0, 2, 3.43, 4315, 9251
974, 0, 2, 318, 316, 1, 14.16%, 22, 0, 2, 4.23, 4359, 9277
980, 0, 2, 320, 318, 1, 14.16%, 23, 0, 2, 4.51, 4389, 9283
985, 0, 2, 323, 321, 1, 14.19%, 23, 0, 2, 5.53, 4434, 9297
992, 0, 2, 327, 325, 1, 14.29%, 23, 0, 2, 6.32, 4486, 9365
998, 0, 2, 330, 328, 1, 14.31%, 23, 0, 2, 6.97, 4537, 9380
1004, 0, 2, 332, 330, 1, 14.36%, 23, 0, 2, 6.82, 4567, 9409
1011, 0, 2, 335, 333, 1, 14.44%, 23, 0, 2, 6.84, 4610, 9465
1017, 0, 2, 338, 336, 1, 14.50%, 23, 0, 2, 6.77, 4650, 9504
1022, 0, 2, 340, 338, 1, 14.62%, 23, 0, 2, 6.90, 4678, 9582
1029, 0, 2, 343, 341, 1, 14.65%, 23, 0, 2, 6.82, 4719, 9599
1034, 0, 2, 345, 343, 1, 14.66%, 23, 0, 2, 6.65, 4746, 9608
1041, 0, 2, 348, 346, 1, 14.68%, 23, 0, 2, 6.33, 4787, 9623
1048, 0, 2, 350, 348, 1, 14.75%, 23, 0, 2, 6.08, 4816, 9664
1053, 0, 2, 352, 350, 1, 14.76%, 23, 0, 2, 6.31, 4851, 9673
1060, 0, 2, 355, 353, 1, 14.77%, 24, 0, 2, 6.55, 4896, 9682
1065, 0, 2, 357, 355, 1, 14.79%, 24, 0, 2, 6.71, 4924, 9690
1070, 0, 2, 360, 358, 1, 14.82%, 24, 0, 2, 6.96, 4965, 9711
1075, 0, 2, 362, 360, 1, 14.84%, 25, 0, 2, 6.48, 4994, 9723
1082, 0, 2, 365, 363, 1, 14.86%, 25, 0, 2, 6.52, 5047, 9740
1089, 0, 2, 368, 366, 1, 14.89%, 26, 0, 2, 6.26, 5092, 9759
1094, 0, 2, 370, 368, 1, 14.94%, 26, 0, 2, 6.13, 5118, 9791
1103, 0, 2, 372, 370, 1, 15.09%, 26, 0, 2, 6.08, 5146, 9891
1109, 0, 2, 374, 372, 1, 15.26%, 26, 0, 2, 5.72, 5174, 10004
1116, 0, 2, 377, 375, 1, 15.29%, 26, 0, 2, 5.84, 5218, 10019
1122, 0, 2, 379, 377, 1, 15.30%, 26, 0, 2, 5.70, 5247, 10030
1128, 0, 2, 381, 379, 1, 15.32%, 27, 0, 2, 8.79, 5278, 10037
1133, 0, 2, 384, 382, 1, 15.40%, 27, 0, 2, 8.78, 5318, 10092
1139, 0, 2, 387, 385, 1, 15.41%, 27, 0, 2, 8.39, 5357, 10098
1145, 0, 2, 390, 388, 1, 15.42%, 27, 0, 2, 8.08, 5400, 10105
1150, 0, 2, 392, 390, 1, 15.42%, 28, 0, 2, 7.61, 5429, 10108
1155, 0, 2, 395, 393, 1, 15.44%, 28, 0, 2, 7.47, 5469, 10122
1161, 0, 2, 398, 396, 1, 15.45%, 28, 0, 2, 7.36, 5511, 10128
1167, 0, 2, 400, 398, 1, 15.48%, 29, 0, 2, 6.65, 5543, 10144
1172, 0, 2, 402, 400, 1, 15.49%, 29, 0, 2, 6.45, 5570, 10151
1178, 0, 2, 405, 403, 1, 15.55%, 29, 0, 2, 6.62, 5614, 10188
1185, 0, 2, 407, 405, 1, 15.55%, 29, 0, 2, 6.41, 5648, 10192
1190, 0, 2, 409, 407, 1, 15.58%, 30, 0, 2, 1.98, 5682, 10212
1199, 0, 2, 412, 410, 1, 15.67%, 30, 0, 2, 3.74, 5732, 10267
1205, 0, 2, 415, 413, 1, 15.68%, 30, 0, 2, 4.51, 5774, 10278
1212, 0, 2, 418, 416, 1, 15.73%, 30, 0, 2, 5.09, 5820, 10308
1218, 0, 2, 421, 419, 1, 15.74%, 30, 0, 2, 5.70, 5864, 10318
1224, 0, 2, 424, 422, 1, 15.77%, 31, 0, 2, 6.31, 5908, 10333
1229, 0, 2, 426, 424, 1, 15.78%, 31, 0, 2, 6.81, 5939, 10342
1234, 0, 2, 429, 427, 1, 15.80%, 31, 0, 2, 6.71, 5981, 10352
1239, 0, 2, 431, 429, 1, 15.82%, 31, 0, 2, 6.60, 6016, 10368
1245, 0, 2, 434, 432, 1, 15.84%, 31, 0, 2, 7.65, 6067, 10378
1250, 0, 2, 437, 435, 1, 15.84%, 31, 0, 2, 8.33, 6123, 10384
1257, 0, 2, 439, 437, 1, 15.92%, 32, 0, 2, 1.73, 6165, 10431
1262, 0, 2, 442, 440, 1, 15.95%, 32, 0, 2, 14.42, 6212, 10452
1269, 0, 2, 445, 443, 1, 15.95%, 32, 0, 2, 12.08, 6255, 10454
1274, 0, 2, 446, 444, 1, 15.95%, 34, 0, 2, 2.37, 6278, 10455
1281, 0, 2, 450, 448, 1, 15.98%, 34, 0, 2, 17.68, 6334, 10475
1288, 0, 2, 453, 451, 1, 16.07%, 34, 0, 2, 14.84, 6374, 10531
1294, 0, 2, 456, 454, 1, 16.08%, 34, 0, 2, 12.98, 6418, 10537
1299, 0, 2, 458, 456, 1, 16.09%, 35, 0, 2, 8.65, 6451, 10548
1305, 0, 2, 459, 457, 1, 16.24%, 35, 0, 2, 7.80, 6468, 10641
1311, 0, 2, 462, 460, 1, 16.28%, 35, 0, 2, 7.67, 6509, 10669
1316, 0, 2, 464, 462, 1, 16.29%, 35, 0, 2, 7.36, 6545, 10677
1324, 0, 2, 467, 465, 1, 16.36%, 35, 0, 2, 7.63, 6591, 10721
1329, 0, 2, 469, 467, 1, 16.39%, 35, 0, 2, 7.15, 6621, 10741
1334, 0, 2, 471, 469, 1, 16.40%, 35, 0, 2, 6.74, 6650, 10747
1340, 0, 2, 473, 471, 1, 16.40%, 35, 0, 2, 6.86, 6681, 10750
1346, 0, 2, 475, 473, 1, 16.41%, 36, 0, 2, 11.80, 6725, 10755
1351, 0, 2, 477, 475, 1, 16.42%, 36, 0, 2, 10.11, 6759, 10760
1357, 0, 2, 480, 478, 1, 16.43%, 36, 0, 2, 9.67, 6800, 10768
1363, 0, 2, 482, 480, 1, 16.47%, 36, 0, 2, 9.08, 6843, 10792
1370, 0, 2, 485, 483, 1, 16.48%, 37, 0, 2, 7.70, 6887, 10801
1376, 0, 2, 488, 486, 1, 16.50%, 37, 0, 2, 7.69, 6932, 10815
1385, 0, 2, 491, 489, 1, 16.56%, 38, 0, 2, 9.26, 6977, 10853
1391, 0, 2, 493, 491, 1, 16.59%, 39, 0, 2, 12.84, 7016, 10872
1396, 0, 2, 495, 493, 1, 16.61%, 40, 0, 2, 2.72, 7058, 10884
1402, 0, 2, 498, 496, 1, 16.61%, 40, 0, 2, 4.69, 7105, 10887
1419, 0, 2, 500, 498, 1, 17.51%, 41, 0, 2, 1.06, 7147, 11477
1425, 0, 2, 503, 501, 1, 17.54%, 41, 0, 2, 6.31, 7187, 11497
1432, 0, 2, 506, 504, 1, 17.56%, 42, 0, 2, 8.44, 7232, 11510
1437, 0, 2, 508, 506, 1, 17.59%, 42, 0, 2, 7.90, 7261, 11529
1442, 0, 2, 509, 507, 1, 17.61%, 43, 0, 2, 2.64, 7292, 11538
1447, 0, 2, 511, 509, 1, 17.64%, 43, 0, 2, 4.86, 7334, 11560
1454, 0, 2, 514, 512, 1, 17.67%, 43, 0, 2, 5.64, 7382, 11577
1461, 0, 2, 517, 515, 1, 17.68%, 43, 0, 2, 7.38, 7439, 11585
1467, 0, 2, 520, 518, 1, 17.70%, 43, 0, 2, 7.48, 7485, 11598
1472, 0, 2, 522, 520, 1, 17.70%, 43, 0, 2, 7.19, 7515, 11602
1477, 0, 2, 523, 521, 1, 17.71%, 44, 0, 2, 6.74, 7535, 11605
1482, 0, 2, 525, 523, 1, 17.72%, 44, 0, 2, 6.31, 7566, 11615
1488, 0, 2, 527, 525, 1, 17.72%, 45, 0, 2, 6.06, 7595, 11615
1493, 0, 2, 529, 527, 1, 17.77%, 45, 0, 2, 6.70, 7625, 11643
1499, 0, 2, 531, 529, 1, 17.77%, 45, 0, 2, 6.49, 7660, 11647
1504, 0, 2, 535, 533, 1, 17.79%, 45, 0, 2, 7.46, 7715, 11658
1509, 0, 2, 537, 535, 1, 17.80%, 46, 0, 2, 6.66, 7748, 11665
1516, 0, 2, 541, 539, 1, 17.83%, 46, 0, 2, 7.45, 7805, 11683
1521, 0, 2, 543, 541, 1, 17.84%, 47, 0, 2, 13.26, 7847, 11694
1526, 0, 2, 545, 543, 1, 17.86%, 48, 0, 2, 10.97, 7881, 11702
1532, 0, 2, 548, 546, 1, 17.87%, 48, 0, 2, 10.57, 7922, 11713
1537, 0, 2, 550, 548, 1, 17.88%, 49, 0, 2, 11.70, 7961, 11720
1542, 0, 2, 552, 550, 1, 17.91%, 49, 0, 2, 10.49, 7993, 11736
1547, 0, 2, 554, 552, 1, 17.94%, 50, 0, 2, 1.98, 8024, 11757
1552, 0, 2, 557, 555, 1, 17.97%, 50, 0, 2, 3.04, 8064, 11775
1559, 0, 2, 559, 557, 1, 17.99%, 51, 0, 2, 4.08, 8100, 11788
1565, 0, 2, 562, 560, 1, 18.02%, 51, 0, 2, 6.17, 8153, 11809
1571, 0, 2, 565, 563, 1, 18.03%, 52, 0, 2, 7.02, 8203, 11815
1576, 0, 2, 567, 565, 1, 18.04%, 53, 0, 2, 8.96, 8244, 11821
1581, 0, 2, 570, 568, 1, 18.04%, 53, 0, 2, 8.86, 8294, 11824
1589, 0, 2, 572, 570, 1, 18.06%, 54, 0, 2, 12.26, 8333, 11836
1594, 0, 2, 574, 572, 1, 18.07%, 54, 0, 2, 11.00, 8368, 11843
1600, 0, 2, 576, 574, 1, 18.09%, 55, 0, 2, 5.93, 8401, 11854
1606, 0, 2, 577, 575, 1, 18.09%, 56, 0, 2, 0.72, 8425, 11856
1611, 0, 2, 579, 577, 1, 18.10%, 56, 0, 2, 5.69, 8460, 11863
1616, 0, 213, 581, 578, 461, 18.11%, 57, 0, 3, 5.99, 8496, 11866
1624, 0, 213, 583, 580, 461, 18.22%, 57, 0, 3, 5.94, 8530, 11943
1630, 0, 213, 586, 583, 461, 18.23%, 58, 0, 3, 6.84, 8575, 11949
1635, 0, 213, 589, 586, 461, 18.24%, 58, 0, 3, 7.85, 8625, 11955
1640, 0, 213, 590, 587, 461, 18.27%, 61, 0, 3, 3.00, 8651, 11972
1646, 0, 213, 592, 589, 461, 18.29%, 61, 0, 3, 5.18, 8694, 11986
1651, 0, 213, 593, 590, 461, 18.29%, 62, 0, 3, 6.15, 8725, 11989
1658, 0, 213, 596, 593, 461, 18.31%, 62, 0, 3, 6.37, 8775, 11998
1664, 0, 213, 598, 595, 461, 18.32%, 63, 0, 3, 6.67, 8813, 12009
1669, 0, 213, 600, 597, 461, 18.33%, 63, 0, 3, 6.34, 8840, 12012
1676, 0, 213, 602, 599, 461, 18.33%, 64, 0, 3, 6.34, 8885, 12015
1683, 0, 213, 604, 601, 461, 18.34%, 64, 0, 3, 7.47, 8936, 12022
1688, 0, 213, 606, 603, 461, 18.35%, 65, 0, 3, 7.19, 8972, 12023
1693, 0, 213, 607, 604, 461, 18.35%, 65, 0, 3, 7.56, 9013, 12025
1700, 0, 213, 609, 606, 461, 18.35%, 66, 0, 3, 1.54, 9055, 12028
1705, 0, 213, 612, 609, 461, 18.37%, 66, 0, 3, 18.74, 9099, 12039
1713, 0, 213, 614, 611, 461, 18.37%, 67, 0, 3, 8.33, 9144, 12042
1719, 0, 213, 616, 613, 461, 18.42%, 67, 0, 3, 8.17, 9180, 12069
1725, 0, 213, 619, 616, 461, 18.44%, 67, 0, 3, 7.57, 9223, 12088
1731, 0, 213, 620, 617, 461, 18.44%, 69, 0, 3, 1.35, 9252, 12088
1736, 0, 213, 622, 619, 461, 18.46%, 69, 0, 3, 12.96, 9287, 12097
1742, 0, 213, 623, 620, 461, 18.46%, 69, 0, 3, 10.30, 9338, 12099
1748, 0, 213, 627, 624, 461, 18.48%, 69, 0, 3, 9.81, 9397, 12108
1753, 0, 213, 629, 626, 461, 18.54%, 69, 0, 3, 9.24, 9426, 12149
1758, 0, 213, 631, 628, 461, 18.55%, 69, 0, 3, 9.76, 9473, 12155
1764, 0, 213, 632, 629, 461, 18.59%, 70, 0, 3, 1.47, 9495, 12183
1769, 0, 213, 634, 631, 461, 18.60%, 70, 0, 3, 9.70, 9530, 12192
1774, 0, 213, 634, 631, 461, 18.60%, 71, 0, 3, 7.77, 9559, 12192
1780, 0, 213, 635, 632, 461, 18.61%, 71, 0, 3, 8.23, 9593, 12197
1785, 0, 213, 637, 634, 461, 18.61%, 71, 0, 3, 8.04, 9630, 12198
1790, 0, 213, 639, 636, 461, 18.64%, 72, 0, 3, 9.46, 9663, 12218
1796, 0, 213, 641, 638, 461, 18.65%, 72, 0, 3, 8.49, 9701, 12223
1801, 0, 213, 644, 641, 461, 18.66%, 72, 0, 3, 8.31, 9749, 12229
1807, 0, 213, 646, 643, 461, 18.70%, 72, 0, 3, 7.93, 9785, 12253
1815, 0, 213, 648, 645, 461, 18.80%, 73, 0, 3, 1.59, 9814, 12318
1821, 0, 213, 650, 647, 461, 18.80%, 73, 0, 3, 2.18, 9842, 12321
1827, 0, 213, 652, 649, 461, 18.80%, 73, 0, 3, 3.61, 9875, 12322
1832, 0, 213, 653, 650, 461, 18.80%, 73, 0, 3, 6.06, 9910, 12324
1839, 0, 213, 655, 652, 461, 18.81%, 74, 0, 3, 6.46, 9951, 12327
1844, 0, 213, 658, 655, 461, 18.85%, 74, 0, 3, 6.72, 9992, 12351
1851, 0, 213, 660, 657, 461, 18.88%, 76, 0, 3, 5.80, 10029, 12372
1857, 0, 213, 662, 659, 461, 18.89%, 76, 0, 3, 5.70, 10056, 12383
1862, 0, 213, 663, 660, 461, 18.90%, 77, 0, 3, 5.81, 10090, 12385
1868, 0, 213, 664, 661, 461, 18.90%, 78, 0, 3, 7.48, 10132, 12386
1873, 0, 213, 666, 663, 461, 18.90%, 78, 0, 3, 7.77, 10165, 12388
1878, 0, 213, 667, 664, 461, 18.91%, 79, 0, 3, 3.02, 10194, 12391
1884, 0, 213, 670, 667, 461, 18.93%, 79, 0, 3, 4.09, 10238, 12403
1890, 0, 213, 671, 668, 461, 18.94%, 80, 0, 3, 5.30, 10270, 12413
1895, 0, 213, 673, 670, 461, 18.95%, 80, 0, 3, 6.21, 10315, 12419
1905, 0, 213, 674, 671, 461, 19.06%, 81, 0, 3, 6.22, 10340, 12488
1910, 0, 213, 676, 673, 461, 19.06%, 81, 0, 3, 6.17, 10368, 12494
1915, 0, 213, 679, 676, 461, 19.09%, 81, 0, 3, 6.62, 10413, 12508
1920, 0, 213, 681, 678, 461, 19.09%, 81, 0, 3, 6.67, 10447, 12512
1925, 0, 213, 682, 679, 461, 19.14%, 81, 0, 3, 6.92, 10477, 12545
1931, 0, 213, 684, 681, 461, 19.15%, 81, 0, 3, 6.95, 10517, 12551
1936, 0, 213, 686, 683, 461, 19.16%, 81, 0, 3, 6.35, 10554, 12557
1942, 0, 213, 689, 686, 461, 19.16%, 81, 0, 3, 7.45, 10606, 12559
1949, 0, 213, 692, 689, 461, 19.17%, 81, 0, 3, 7.29, 10653, 12565
1955, 0, 213, 694, 691, 461, 19.19%, 81, 0, 3, 6.90, 10699, 12578
1960, 0, 213, 696, 693, 461, 19.21%, 81, 0, 3, 6.92, 10733, 12588
1968, 0, 213, 700, 697, 461, 19.22%, 81, 0, 3, 6.98, 10788, 12597
1973, 0, 213, 702, 699, 461, 19.23%, 81, 0, 3, 6.81, 10820, 12603
1979, 0, 213, 704, 701, 461, 19.25%, 81, 0, 3, 6.80, 10850, 12613
1984, 0, 213, 706, 703, 461, 19.25%, 81, 0, 3, 7.43, 10894, 12616
1990, 0, 213, 708, 705, 461, 19.25%, 81, 0, 3, 8.83, 10930, 12618
1995, 0, 213, 709, 706, 461, 19.27%, 82, 0, 3, 8.84, 10968, 12627
2000, 0, 663, 710, 706, 530, 19.27%, 83, 0, 3, 1.28, 11002, 12629
2005, 0, 245, 710, 705, 529, 19.27%, 85, 0, 3, 2.22, 11029, 12629
2011, 0, 245, 712, 707, 529, 19.32%, 85, 0, 3, 3.03, 11061, 12661
2019, 0, 245, 714, 709, 529, 19.32%, 86, 0, 3, 3.88, 11100, 12663
2024, 0, 245, 716, 711, 529, 19.35%, 87, 0, 3, 4.49, 11133, 12682
2031, 0, 245, 718, 713, 529, 19.39%, 87, 0, 3, 4.72, 11161, 12709
2037, 0, 245, 721, 716, 529, 19.40%, 87, 0, 3, 5.03, 11202, 12712
2042, 0, 245, 722, 717, 529, 19.41%, 88, 0, 3, 5.63, 11230, 12719
2047, 0, 245, 723, 718, 529, 19.41%, 88, 0, 3, 5.36, 11251, 12721
2054, 0, 245, 726, 721, 529, 19.45%, 88, 0, 3, 5.74, 11296, 12747
2059, 0, 245, 728, 723, 529, 19.47%, 88, 0, 3, 6.05, 11332, 12757
2064, 0, 245, 729, 724, 529, 19.47%, 89, 0, 3, 6.22, 11361, 12763
2071, 0, 245, 731, 726, 529, 19.48%, 89, 0, 3, 6.32, 11394, 12767
2077, 0, 245, 733, 728, 529, 19.49%, 90, 0, 3, 7.01, 11434, 12771
2083, 0, 245, 736, 731, 529, 19.50%, 90, 0, 3, 7.06, 11475, 12781
2088, 0, 245, 738, 733, 529, 19.51%, 90, 0, 3, 6.86, 11504, 12789
2093, 0, 245, 741, 736, 529, 19.54%, 90, 0, 3, 7.12, 11547, 12807
2098, 0, 245, 743, 738, 529, 19.55%, 91, 0, 3, 9.93, 11584, 12813
2104, 0, 245, 745, 740, 529, 19.56%, 91, 0, 3, 9.46, 11613, 12820
2110, 0, 245, 748, 743, 529, 19.59%, 91, 0, 3, 9.06, 11654, 12836
2116, 0, 245, 750, 745, 529, 19.59%, 91, 0, 3, 8.52, 11681, 12839
2124, 0, 245, 752, 747, 529, 19.61%, 92, 0, 3, 1.37, 11714, 12852
2131, 0, 245, 754, 749, 529, 19.64%, 92, 0, 3, 1.72, 11741, 12869
2137, 0, 245, 757, 752, 529, 19.65%, 92, 0, 3, 2.93, 11784, 12878
2143, 0, 245, 760, 755, 529, 19.66%, 92, 0, 3, 4.25, 11828, 12885
2148, 0, 245, 761, 756, 529, 19.73%, 92, 0, 3, 5.38, 11853, 12927
2155, 0, 245, 764, 759, 529, 19.75%, 92, 0, 3, 5.51, 11893, 12941
2160, 0, 245, 766, 761, 529, 19.75%, 93, 0, 3, 5.43, 11928, 12944
2168, 0, 245, 769, 764, 529, 19.78%, 93, 0, 3, 5.87, 11976, 12962
2173, 0, 245, 771, 766, 529, 19.82%, 93, 0, 3, 5.84, 12006, 12986
2180, 0, 245, 772, 767, 529, 19.85%, 94, 0, 3, 5.45, 12028, 13007
2185, 0, 245, 773, 768, 529, 19.85%, 94, 0, 3, 5.51, 12050, 13008
2194, 0, 245, 775, 770, 529, 19.87%, 95, 0, 3, 4.94, 12082, 13019
2199, 0, 245, 777, 772, 529, 19.87%, 95, 0, 3, 5.84, 12121, 13025
2204, 0, 245, 778, 773, 529, 19.92%, 95, 0, 3, 5.84, 12146, 13054
2209, 0, 245, 780, 775, 529, 19.94%, 95, 0, 3, 5.74, 12174, 13068
2214, 0, 245, 783, 778, 529, 19.95%, 95, 0, 3, 7.16, 12219, 13074
2220, 0, 245, 785, 780, 529, 19.96%, 96, 0, 3, 8.75, 12255, 13078
2225, 0, 245, 788, 783, 529, 19.96%, 96, 0, 3, 8.86, 12298, 13083
2231, 0, 245, 790, 785, 529, 19.98%, 97, 0, 3, 3.13, 12333, 13095
2236, 0, 245, 791, 786, 529, 19.99%, 97, 0, 3, 3.88, 12353, 13099
2241, 0, 245, 793, 788, 529, 20.08%, 97, 0, 3, 4.07, 12379, 13159
2247, 0, 245, 796, 791, 529, 20.10%, 97, 0, 3, 5.92, 12426, 13171
2252, 0, 245, 798, 793, 529, 20.10%, 97, 0, 3, 7.16, 12467, 13174
2258, 0, 245, 799, 794, 529, 20.11%, 98, 0, 3, 6.60, 12488, 13181
2263, 0, 245, 800, 795, 529, 20.12%, 99, 0, 3, 7.12, 12522, 13183
2269, 0, 245, 802, 797, 529, 20.12%, 99, 0, 3, 6.70, 12559, 13187
2275, 0, 245, 804, 799, 529, 20.14%, 100, 0, 3, 6.25, 12588, 13200
2281, 0, 245, 806, 801, 529, 20.15%, 100, 0, 3, 5.86, 12609, 13208
2286, 0, 245, 807, 802, 529, 20.16%, 100, 0, 3, 5.75, 12627, 13210
2292, 0, 245, 809, 804, 529, 20.17%, 100, 0, 3, 5.96, 12663, 13221
2298, 0, 245, 810, 805, 529, 20.18%, 100, 0, 3, 6.20, 12684, 13224
2304, 0, 245, 811, 806, 529, 20.18%, 100, 0, 3, 5.47, 12699, 13225
2310, 0, 245, 812, 807, 529, 20.18%, 100, 0, 3, 5.26, 12712, 13228
2315, 0, 245, 812, 807, 529, 20.18%, 101, 0, 3, 5.74, 12726, 13228
2322, 0, 245, 814, 809, 529, 20.19%, 101, 0, 3, 5.63, 12752, 13232
2336, 0, 245, 815, 810, 529, 20.21%, 101, 0, 3, 3.90, 12774, 13246
2344, 0, 245, 816, 811, 529, 20.22%, 101, 0, 3, 4.01, 12797, 13249
2354, 0, 245, 818, 813, 529, 20.24%, 101, 0, 3, 3.99, 12826, 13264
2362, 0, 245, 820, 815, 529, 20.24%, 101, 0, 3, 4.25, 12856, 13267
2373, 0, 245, 821, 816, 529, 20.25%, 101, 0, 3, 3.60, 12879, 13268
2383, 0, 245, 822, 817, 529, 20.25%, 101, 0, 3, 3.58, 12905, 13274
2389, 0, 245, 823, 818, 529, 20.26%, 101, 0, 3, 3.62, 12927, 13277
2394, 0, 245, 824, 819, 529, 20.27%, 101, 0, 3, 3.40, 12943, 13284
2399, 0, 245, 825, 820, 529, 20.28%, 101, 0, 3, 3.52, 12958, 13288
2404, 0, 245, 826, 821, 529, 20.28%, 101, 0, 3, 3.54, 12975, 13292
2412, 0, 245, 827, 822, 529, 20.28%, 101, 0, 3, 3.42, 12988, 13293
2417, 0, 245, 828, 823, 529, 20.29%, 101, 0, 3, 4.04, 13009, 13295
2425, 0, 245, 829, 824, 529, 20.29%, 101, 0, 3, 3.57, 13031, 13297
2432, 0, 245, 830, 825, 529, 20.30%, 101, 0, 3, 3.69, 13056, 13302
2443, 0, 245, 831, 826, 529, 20.32%, 101, 0, 3, 3.65, 13075, 13315
2452, 0, 245, 833, 828, 529, 20.32%, 101, 0, 3, 3.52, 13105, 13317
2463, 0, 245, 834, 829, 529, 20.35%, 102, 0, 3, 0.65, 13121, 13338
2469, 0, 245, 835, 830, 529, 20.35%, 102, 0, 3, 0.80, 13135, 13339
2474, 0, 245, 836, 831, 529, 20.36%, 102, 0, 3, 0.90, 13148, 13341
2481, 0, 245, 837, 832, 529, 20.36%, 102, 0, 3, 1.10, 13162, 13343
2486, 0, 245, 838, 833, 529, 20.37%, 102, 0, 3, 1.84, 13181, 13347
2493, 0, 245, 840, 835, 529, 20.37%, 102, 0, 3, 2.23, 13209, 13348
2498, 0, 245, 841, 836, 529, 20.37%, 102, 0, 3, 2.25, 13222, 13351
2509, 0, 245, 842, 837, 529, 20.39%, 103, 0, 3, 2.51, 13245, 13362
2515, 0, 245, 843, 838, 529, 20.40%, 104, 0, 3, 2.80, 13265, 13367
2520, 0, 245, 843, 838, 529, 20.40%, 105, 0, 3, 2.56, 13271, 13367
2526, 0, 245, 845, 840, 529, 20.41%, 105, 0, 3, 2.89, 13299, 13373
2536, 0, 245, 846, 841, 529, 20.41%, 105, 0, 3, 3.27, 13318, 13375
2541, 0, 245, 847, 842, 529, 20.42%, 105, 0, 3, 3.46, 13338, 13380
2546, 0, 245, 848, 843, 529, 20.43%, 105, 0, 3, 3.49, 13355, 13388
2551, 0, 245, 849, 844, 529, 20.43%, 106, 0, 3, 6.64, 13377, 13390
2558, 0, 245, 850, 845, 529, 20.44%, 106, 0, 3, 6.59, 13393, 13397
2564, 0, 245, 851, 846, 529, 20.44%, 106, 0, 3, 5.53, 13413, 13398
2574, 0, 245, 853, 848, 529, 20.48%, 106, 0, 3, 5.48, 13440, 13423
2579, 0, 245, 853, 848, 529, 20.48%, 107, 0, 3, 5.63, 13455, 13423
2584, 0, 245, 853, 848, 529, 20.48%, 109, 0, 3, 0.80, 13468, 13423
2589, 0, 245, 853, 848, 529, 20.48%, 109, 0, 3, 4.37, 13485, 13423
2600, 0, 245, 854, 849, 529, 20.51%, 109, 0, 3, 3.63, 13510, 13444
2605, 0, 245, 855, 850, 529, 20.52%, 109, 0, 3, 4.02, 13530, 13446
2616, 0, 245, 857, 852, 529, 20.52%, 109, 0, 3, 3.84, 13561, 13451
2629, 0, 245, 858, 853, 529, 20.55%, 110, 0, 3, 3.33, 13586, 13469
2635, 0, 245, 859, 854, 529, 20.56%, 110, 0, 3, 3.28, 13600, 13477
2642, 0, 245, 860, 855, 529, 20.57%, 110, 0, 3, 3.19, 13613, 13478
2653, 0, 245, 861, 856, 529, 20.58%, 111, 0, 3, 3.52, 13635, 13488
2658, 0, 245, 862, 857, 529, 20.59%, 111, 0, 3, 3.84, 13656, 13495
2665, 0, 245, 863, 858, 529, 20.60%, 112, 0, 3, 4.40, 13682, 13500
2674, 0, 245, 865, 860, 529, 20.63%, 112, 0, 3, 4.81, 13714, 13522
2680, 0, 245, 866, 861, 529, 20.65%, 112, 0, 3, 4.80, 13733, 13536
2685, 0, 245, 867, 862, 529, 20.65%, 112, 0, 3, 4.56, 13750, 13536
2694, 0, 245, 869, 864, 529, 20.66%, 112, 0, 3, 4.39, 13777, 13540
2700, 0, 245, 870, 865, 529, 20.68%, 112, 0, 3, 4.34, 13795, 13552
2711, 0, 245, 871, 866, 529, 20.69%, 113, 0, 3, 3.43, 13815, 13558
2717, 0, 245, 872, 867, 529, 20.69%, 113, 0, 3, 3.53, 13831, 13560
2722, 0, 245, 873, 868, 529, 20.69%, 113, 0, 3, 3.76, 13850, 13561
2730, 0, 245, 874, 869, 529, 20.70%, 113, 0, 3, 3.50, 13869, 13567
2736, 0, 245, 875, 870, 529, 20.70%, 114, 0, 3, 0.83, 13886, 13569
2744, 0, 245, 876, 871, 529, 20.71%, 114, 0, 3, 1.01, 13901, 13574
2749, 0, 245, 876, 871, 529, 20.71%, 115, 0, 3, 1.23, 13912, 13574
2754, 0, 245, 877, 872, 529, 20.72%, 115, 0, 3, 1.53, 13927, 13580
2760, 0, 245, 878, 873, 529, 20.73%, 115, 0, 3, 1.94, 13944, 13586
2766, 0, 245, 879, 874, 529, 20.73%, 115, 0, 3, 2.18, 13961, 13587
2781, 0, 245, 880, 875, 529, 20.81%, 116, 0, 3, 2.34, 13983, 13635
2787, 0, 245, 881, 876, 529, 20.81%, 117, 0, 3, 2.93, 14004, 13637
2795, 0, 245, 882, 877, 529, 20.81%, 117, 0, 3, 2.86, 14017, 13641
2800, 0, 245, 883, 878, 529, 20.81%, 117, 0, 3, 2.83, 14030, 13641
2808, 0, 245, 884, 879, 529, 20.81%, 117, 0, 3, 2.58, 14046, 13641
2815, 0, 245, 885, 880, 529, 20.82%, 117, 0, 3, 2.75, 14065, 13643
2823, 0, 245, 887, 882, 529, 20.83%, 117, 0, 3, 2.86, 14091, 13648
2841, 0, 245, 888, 883, 529, 20.85%, 118, 0, 3, 0.63, 14115, 13666
2846, 0, 245, 888, 883, 529, 20.85%, 119, 0, 3, 0.88, 14121, 13666
2862, 0, 245, 889, 884, 529, 20.91%, 119, 0, 3, 1.02, 14135, 13704
2867, 0, 245, 889, 884, 529, 20.91%, 120, 0, 3, 1.69, 14145, 13704
2875, 0, 245, 890, 885, 529, 20.92%, 120, 0, 3, 2.20, 14165, 13711
2880, 0, 245, 892, 887, 529, 20.94%, 120, 0, 3, 2.97, 14195, 13723
2885, 0, 245, 894, 889, 529, 20.95%, 120, 0, 3, 3.72, 14224, 13730
2891, 0, 245, 896, 891, 529, 20.95%, 120, 0, 3, 4.08, 14255, 13730
2897, 0, 245, 898, 893, 529, 20.96%, 120, 0, 3, 5.10, 14294, 13734
2903, 0, 245, 899, 894, 529, 20.96%, 121, 0, 3, 5.50, 14325, 13738
2908, 0, 245, 901, 896, 529, 20.97%, 121, 0, 3, 6.53, 14359, 13743
2913, 0, 245, 903, 898, 529, 20.97%, 121, 0, 3, 5.98, 14389, 13746
2919, 0, 245, 905, 900, 529, 20.98%, 121, 0, 3, 5.83, 14418, 13749
2925, 0, 245, 906, 901, 529, 20.99%, 122, 0, 3, 5.97, 14455, 13755
2931, 0, 245, 908, 903, 529, 21.00%, 122, 0, 3, 6.32, 14496, 13760
2938, 0, 245, 910, 905, 529, 21.02%, 122, 0, 3, 6.16, 14530, 13777
2944, 0, 245, 912, 907, 529, 21.03%, 122, 0, 3, 5.84, 14557, 13784
2949, 0, 245, 913, 908, 529, 21.03%, 123, 0, 3, 5.66, 14583, 13785
2956, 0, 245, 915, 910, 529, 21.08%, 123, 0, 3, 6.03, 14620, 13813
2966, 0, 245, 916, 911, 529, 21.12%, 124, 0, 3, 5.62, 14658, 13839
2973, 0, 245, 918, 913, 529, 21.14%, 124, 0, 3, 5.39, 14687, 13855
2979, 0, 245, 920, 915, 529, 21.15%, 125, 0, 3, 6.33, 14726, 13858
2984, 0, 245, 921, 916, 529, 21.16%, 125, 0, 3, 10.62, 14752, 13865
2991, 0, 245, 923, 918, 529, 21.17%, 125, 0, 3, 9.45, 14782, 13877
2996, 0, 245, 924, 919, 529, 21.18%, 127, 0, 3, 2.76, 14808, 13878
3004, 0, 245, 927, 922, 529, 21.19%, 127, 0, 3, 3.79, 14856, 13884
3011, 0, 245, 930, 925, 529, 21.19%, 127, 0, 3, 4.49, 14900, 13887
3017, 0, 245, 932, 927, 529, 21.20%, 127, 0, 3, 5.76, 14947, 13891
3022, 0, 245, 933, 928, 529, 21.20%, 128, 0, 3, 5.91, 14978, 13892
3027, 0, 245, 934, 929, 529, 21.21%, 128, 0, 3, 5.76, 14997, 13900
3034, 0, 245, 937, 932, 529, 21.22%, 128, 0, 3, 5.92, 15039, 13904
3039, 0, 245, 939, 934, 529, 21.23%, 128, 0, 3, 5.63, 15071, 13916
3046, 0, 245, 941, 936, 529, 21.25%, 129, 0, 3, 5.56, 15105, 13928
3052, 0, 245, 943, 938, 529, 21.26%, 130, 0, 3, 5.94, 15150, 13934
3058, 0, 245, 946, 941, 529, 21.26%, 130, 0, 3, 5.66, 15181, 13935
3063, 0, 245, 947, 942, 529, 21.27%, 131, 0, 3, 5.44, 15210, 13940
3068, 0, 245, 950, 945, 529, 21.28%, 131, 0, 3, 6.18, 15256, 13943
3074, 0, 245, 953, 948, 529, 21.28%, 131, 0, 3, 6.84, 15297, 13946
3079, 0, 245, 954, 949, 529, 21.29%, 132, 0, 3, 7.25, 15324, 13950
3084, 0, 245, 955, 950, 529, 21.29%, 133, 0, 3, 6.40, 15349, 13953
3089, 0, 245, 957, 952, 529, 21.30%, 133, 0, 3, 6.05, 15379, 13956
3096, 0, 245, 958, 953, 529, 21.30%, 133, 0, 3, 5.22, 15407, 13958
3102, 0, 245, 960, 955, 529, 21.30%, 133, 0, 3, 5.55, 15444, 13960
3108, 0, 245, 962, 957, 529, 21.33%, 133, 0, 3, 6.33, 15485, 13976
3114, 0, 245, 964, 959, 529, 21.34%, 134, 0, 3, 6.05, 15518, 13983
3119, 0, 245, 965, 960, 529, 21.34%, 134, 0, 3, 6.78, 15555, 13986
3125, 0, 245, 967, 962, 529, 21.35%, 134, 0, 3, 6.92, 15591, 13990
3130, 0, 245, 969, 964, 529, 21.36%, 135, 0, 3, 7.62, 15629, 13996
3138, 0, 245, 971, 966, 529, 21.37%, 135, 0, 3, 7.08, 15660, 14007
3143, 0, 245, 972, 967, 529, 21.39%, 136, 0, 3, 1.29, 15681, 14019
3153, 0, 245, 974, 969, 529, 21.42%, 137, 0, 3, 2.15, 15717, 14038
3161, 0, 245, 976, 971, 529, 21.46%, 137, 0, 3, 2.34, 15743, 14063
3166, 0, 245, 977, 972, 529, 21.49%, 137, 0, 3, 2.35, 15756, 14081
3170, 0, 245, 978, 973, 529, 21.51%, 137, 0, 3, 0.00, 15766, 14096
