# relative_time, cycles_done, cur_item, corpus_count, pending_total, pending_favs, map_size, saved_crashes, saved_hangs, max_depth, execs_per_sec, total_execs, edges_found
68, 0, 0, 20, 20, 2, 5.17%, 1, 0, 2, 3.84, 260, 3391
76, 0, 0, 22, 22, 2, 5.25%, 1, 0, 2, 3.84, 286, 3439
82, 0, 0, 23, 23, 2, 5.31%, 1, 0, 2, 3.73, 299, 3482
91, 0, 0, 25, 25, 2, 5.38%, 1, 0, 2, 3.61, 325, 3527
99, 0, 0, 27, 27, 2, 5.45%, 1, 0, 2, 3.73, 351, 3574
104, 0, 0, 28, 28, 2, 5.50%, 1, 0, 2, 3.65, 364, 3606
113, 0, 0, 30, 30, 2, 5.59%, 1, 0, 2, 3.57, 390, 3662
121, 0, 0, 32, 32, 2, 5.66%, 2, 0, 2, 3.61, 418, 3711
130, 0, 0, 34, 34, 2, 5.76%, 2, 0, 2, 3.55, 444, 3772
138, 0, 0, 36, 36, 2, 5.85%, 2, 0, 2, 3.57, 470, 3833
143, 0, 0, 37, 37, 2, 5.87%, 2, 0, 2, 3.50, 483, 3847
152, 0, 0, 39, 39, 2, 5.99%, 2, 0, 2, 3.41, 509, 3926
161, 0, 0, 41, 41, 2, 6.91%, 2, 0, 2, 3.36, 535, 4531
167, 0, 0, 43, 43, 2, 6.99%, 2, 0, 2, 3.55, 561, 4580
172, 0, 0, 45, 45, 2, 7.08%, 2, 0, 2, 3.71, 587, 4638
182, 0, 0, 47, 47, 2, 7.11%, 2, 0, 2, 3.57, 613, 4658
189, 0, 0, 48, 48, 2, 7.14%, 2, 0, 2, 3.48, 626, 4676
197, 0, 0, 50, 50, 2, 7.18%, 2, 0, 2, 3.45, 652, 4704
203, 0, 0, 51, 51, 2, 7.18%, 2, 0, 2, 3.36, 665, 4708
209, 0, 0, 52, 52, 2, 7.19%, 2, 0, 2, 3.31, 678, 4715
216, 0, 0, 54, 54, 2, 7.22%, 2, 0, 2, 3.36, 705, 4733
224, 0, 0, 56, 56, 2, 7.27%, 2, 0, 2, 3.38, 732, 4764
230, 0, 0, 57, 57, 2, 7.28%, 2, 0, 2, 3.34, 746, 4769
236, 0, 0, 58, 58, 2, 7.28%, 2, 0, 2, 3.21, 760, 4772
244, 0, 0, 60, 60, 2, 7.81%, 3, 0, 2, 3.27, 783, 5118
251, 0, 0, 62, 62, 2, 7.87%, 3, 0, 2, 3.39, 810, 5160
259, 0, 0, 64, 64, 2, 7.88%, 3, 0, 2, 3.41, 836, 5166
267, 0, 0, 66, 66, 2, 8.08%, 3, 0, 2, 3.39, 862, 5296
275, 0, 0, 68, 68, 2, 8.16%, 3, 0, 2, 3.36, 888, 5345
281, 0, 0, 69, 69, 2, 8.17%, 3, 0, 2, 3.30, 901, 5352
286, 0, 0, 70, 70, 2, 8.18%, 3, 0, 2, 3.24, 914, 5361
293, 0, 0, 71, 71, 2, 8.21%, 3, 0, 2, 3.09, 928, 5379
301, 0, 0, 73, 73, 2, 8.25%, 3, 0, 2, 3.10, 954, 5405
308, 0, 0, 74, 74, 2, 8.26%, 3, 0, 2, 3.02, 967, 5416
313, 0, 0, 75, 75, 2, 8.27%, 3, 0, 2, 2.98, 980, 5423
320, 0, 0, 77, 77, 2, 8.33%, 3, 0, 2, 3.08, 1006, 5459
327, 0, 0, 78, 78, 2, 8.35%, 3, 0, 2, 3.02, 1019, 5473
335, 0, 0, 80, 80, 2, 8.40%, 3, 0, 2, 3.03, 1045, 5506
347, 0, 0, 82, 82, 2, 8.50%, 3, 0, 2, 2.94, 1071, 5569
354, 0, 0, 84, 84, 2, 8.62%, 3, 0, 2, 3.00, 1097, 5649
362, 0, 0, 86, 86, 2, 8.66%, 3, 0, 2, 3.02, 1124, 5678
369, 0, 0, 87, 87, 2, 8.69%, 3, 0, 2, 2.94, 1138, 5695
375, 0, 0, 88, 88, 2, 8.71%, 3, 0, 2, 2.87, 1152, 5707
384, 0, 0, 90, 90, 2, 8.73%, 3, 0, 2, 2.87, 1179, 5721
392, 0, 0, 92, 92, 2, 8.78%, 3, 0, 2, 2.99, 1206, 5752
401, 0, 0, 94, 94, 2, 8.81%, 3, 0, 2, 2.97, 1232, 5771
412, 0, 0, 96, 96, 2, 8.86%, 3, 0, 2, 2.96, 1259, 5807
421, 0, 0, 98, 98, 2, 8.88%, 3, 0, 2, 2.96, 1285, 5820
427, 0, 0, 99, 99, 2, 8.90%, 3, 0, 2, 2.90, 1298, 5833
432, 0, 0, 101, 101, 2, 8.94%, 3, 0, 2, 3.32, 1327, 5861
438, 0, 0, 102, 102, 2, 8.95%, 3, 0, 2, 3.24, 1340, 5868
446, 0, 0, 104, 104, 2, 8.97%, 3, 0, 2, 3.22, 1367, 5878
454, 0, 0, 106, 106, 2, 8.98%, 3, 0, 2, 3.27, 1393, 5884
462, 0, 0, 108, 108, 2, 9.12%, 3, 0, 2, 3.31, 1419, 5978
470, 0, 0, 110, 110, 2, 9.14%, 3, 0, 2, 3.28, 1445, 5993
479, 0, 0, 112, 112, 2, 9.18%, 4, 0, 2, 3.40, 1473, 6016
487, 0, 0, 114, 114, 2, 9.25%, 4, 0, 2, 3.38, 1499, 6061
495, 0, 0, 116, 116, 2, 9.29%, 4, 0, 2, 3.35, 1526, 6090
503, 0, 0, 118, 118, 2, 9.32%, 4, 0, 2, 3.37, 1552, 6109
510, 0, 0, 120, 120, 2, 9.38%, 4, 0, 2, 3.43, 1578, 6147
521, 0, 0, 122, 122, 2, 9.40%, 4, 0, 2, 3.24, 1605, 6160
529, 0, 0, 124, 124, 2, 9.44%, 5, 0, 2, 3.40, 1634, 6184
535, 0, 0, 126, 126, 2, 9.50%, 5, 0, 2, 3.51, 1660, 6223
541, 0, 0, 127, 127, 2, 9.50%, 5, 0, 2, 3.43, 1673, 6225
549, 0, 0, 129, 129, 2, 9.53%, 5, 0, 2, 3.41, 1700, 6247
558, 0, 0, 131, 131, 2, 9.55%, 5, 0, 2, 3.38, 1726, 6258
564, 0, 0, 133, 133, 2, 9.58%, 5, 0, 2, 3.52, 1752, 6277
571, 0, 0, 135, 135, 2, 9.61%, 5, 0, 2, 3.56, 1778, 6295
579, 0, 0, 137, 137, 2, 9.63%, 5, 0, 2, 3.55, 1804, 6308
585, 0, 0, 138, 138, 2, 9.64%, 5, 0, 2, 3.39, 1818, 6316
593, 0, 0, 140, 140, 2, 9.65%, 5, 0, 2, 3.37, 1844, 6326
599, 0, 0, 141, 141, 2, 9.66%, 5, 0, 2, 3.31, 1857, 6333
604, 0, 0, 142, 142, 2, 9.68%, 5, 0, 2, 3.25, 1870, 6342
612, 0, 0, 144, 144, 2, 9.76%, 6, 0, 2, 3.30, 1899, 6397
618, 0, 0, 145, 145, 2, 9.77%, 6, 0, 2, 3.24, 1912, 6405
627, 0, 0, 147, 147, 2, 9.81%, 6, 0, 2, 3.22, 1939, 6428
633, 0, 0, 149, 149, 2, 9.85%, 6, 0, 2, 3.40, 1965, 6457
643, 0, 0, 151, 151, 2, 9.87%, 6, 0, 2, 3.28, 1992, 6466
651, 0, 0, 153, 153, 2, 9.89%, 6, 0, 2, 3.28, 2018, 6479
656, 0, 0, 155, 155, 2, 9.89%, 6, 0, 2, 3.48, 2044, 6484
664, 0, 0, 157, 157, 2, 9.90%, 7, 0, 2, 3.58, 2075, 6489
673, 0, 0, 159, 159, 2, 10.07%, 7, 0, 2, 3.50, 2102, 6599
680, 0, 0, 161, 161, 2, 10.11%, 7, 0, 2, 3.55, 2128, 6626
686, 0, 0, 163, 163, 2, 10.12%, 7, 0, 2, 3.71, 2154, 6634
692, 0, 0, 164, 164, 2, 10.14%, 8, 0, 2, 3.70, 2169, 6644
697, 0, 0, 165, 165, 2, 10.14%, 8, 0, 2, 3.55, 2183, 6647
702, 0, 0, 167, 167, 2, 10.16%, 8, 0, 2, 3.70, 2210, 6658
707, 0, 0, 168, 168, 2, 10.18%, 8, 0, 2, 3.63, 2223, 6674
716, 0, 0, 170, 170, 2, 10.20%, 8, 0, 2, 3.56, 2251, 6687
723, 0, 0, 171, 171, 2, 10.21%, 8, 0, 2, 3.45, 2264, 6689
732, 0, 0, 173, 173, 2, 10.22%, 8, 0, 2, 3.39, 2290, 6699
741, 0, 0, 175, 175, 2, 10.26%, 8, 0, 2, 3.33, 2317, 6721
751, 0, 0, 177, 177, 2, 10.31%, 8, 0, 2, 3.26, 2343, 6755
756, 0, 0, 178, 178, 2, 10.31%, 8, 0, 2, 3.21, 2356, 6755
762, 0, 0, 179, 179, 2, 10.31%, 8, 0, 2, 3.15, 2369, 6759
769, 0, 0, 180, 180, 2, 10.32%, 9, 0, 2, 3.20, 2384, 6762
776, 0, 0, 181, 181, 2, 10.33%, 9, 0, 2, 3.12, 2397, 6772
783, 0, 0, 183, 183, 2, 10.38%, 9, 0, 2, 3.18, 2423, 6804
791, 0, 0, 185, 185, 2, 10.39%, 9, 0, 2, 3.22, 2449, 6809
798, 0, 0, 186, 186, 2, 10.39%, 9, 0, 2, 3.14, 2462, 6811
807, 0, 0, 188, 188, 2, 10.41%, 9, 0, 2, 3.11, 2488, 6824
812, 0, 0, 189, 189, 2, 10.42%, 9, 0, 2, 3.07, 2501, 6832
817, 0, 0, 190, 190, 2, 10.43%, 9, 0, 2, 3.03, 2514, 6836
827, 0, 0, 192, 192, 2, 10.45%, 10, 0, 2, 3.25, 2544, 6848
835, 0, 0, 194, 194, 2, 10.49%, 10, 0, 2, 3.27, 2570, 6872
840, 0, 0, 195, 195, 2, 10.53%, 10, 0, 2, 3.23, 2584, 6899
845, 0, 0, 196, 196, 2, 10.53%, 10, 0, 2, 3.27, 2601, 6900
852, 0, 0, 198, 198, 2, 10.55%, 11, 0, 2, 3.47, 2629, 6914
859, 0, 0, 200, 200, 2, 10.56%, 11, 0, 2, 3.50, 2655, 6922
864, 0, 0, 201, 201, 2, 10.57%, 11, 0, 2, 3.44, 2668, 6926
870, 0, 0, 203, 203, 2, 10.62%, 11, 0, 2, 3.56, 2694, 6957
879, 0, 0, 205, 205, 2, 10.63%, 11, 0, 2, 3.53, 2720, 6966
886, 0, 0, 206, 206, 2, 10.64%, 11, 0, 2, 3.34, 2734, 6975
895, 0, 0, 209, 209, 2, 10.68%, 11, 0, 2, 3.68, 2773, 6996
901, 0, 0, 210, 210, 2, 10.68%, 11, 0, 2, 3.53, 2787, 6999
906, 0, 0, 211, 211, 2, 10.68%, 11, 0, 2, 3.47, 2801, 7002
915, 0, 0, 213, 213, 2, 10.74%, 12, 0, 2, 3.45, 2830, 7037
923, 0, 0, 215, 215, 2, 10.77%, 12, 0, 2, 3.46, 2857, 7056
928, 0, 0, 216, 216, 2, 10.79%, 12, 0, 2, 3.40, 2870, 7071
934, 0, 0, 218, 218, 2, 10.81%, 12, 0, 2, 3.54, 2897, 7082
941, 0, 0, 220, 220, 2, 10.82%, 12, 0, 2, 3.60, 2923, 7093
947, 0, 0, 221, 221, 2, 10.84%, 13, 0, 2, 3.65, 2939, 7106
954, 0, 0, 223, 223, 2, 10.87%, 13, 0, 2, 3.69, 2966, 7124
959, 0, 0, 224, 224, 2, 10.87%, 13, 0, 2, 3.62, 2979, 7127
964, 0, 0, 225, 225, 2, 10.89%, 13, 0, 2, 3.55, 2992, 7134
972, 0, 0, 227, 227, 2, 10.89%, 13, 0, 2, 3.55, 3018, 7138
978, 0, 0, 228, 228, 2, 11.06%, 13, 0, 2, 3.46, 3031, 7249
983, 0, 0, 229, 229, 2, 11.06%, 13, 0, 2, 3.40, 3044, 7250
990, 0, 0, 231, 231, 2, 11.08%, 13, 0, 2, 3.42, 3071, 7261
996, 0, 0, 234, 234, 2, 11.09%, 13, 0, 2, 3.99, 3110, 7269
1006, 0, 0, 236, 236, 2, 11.11%, 13, 0, 2, 3.84, 3136, 7278
1011, 0, 0, 237, 237, 2, 11.12%, 13, 0, 2, 3.78, 3150, 7285
1021, 0, 0, 239, 239, 2, 11.13%, 13, 0, 2, 3.62, 3179, 7294
1028, 0, 0, 241, 241, 2, 11.14%, 13, 0, 2, 3.69, 3205, 7300
1035, 0, 0, 243, 243, 2, 11.16%, 13, 0, 2, 3.68, 3231, 7311
1041, 0, 0, 244, 244, 2, 11.16%, 13, 0, 2, 3.52, 3245, 7313
1047, 0, 0, 246, 246, 2, 11.18%, 13, 0, 2, 3.86, 3272, 7324
1052, 0, 0, 248, 248, 2, 11.19%, 13, 0, 2, 4.02, 3298, 7335
1059, 0, 0, 249, 249, 2, 11.20%, 13, 0, 2, 3.88, 3313, 7341
1065, 0, 0, 250, 250, 2, 11.20%, 13, 0, 2, 3.77, 3326, 7343
1073, 0, 0, 252, 252, 2, 11.25%, 13, 0, 2, 3.72, 3352, 7371
1079, 0, 0, 253, 253, 2, 11.28%, 13, 0, 2, 3.54, 3366, 7391
1087, 0, 0, 255, 255, 2, 11.34%, 13, 0, 2, 3.45, 3393, 7432
1095, 0, 0, 257, 257, 2, 11.38%, 13, 0, 2, 3.42, 3419, 7455
1106, 0, 0, 259, 259, 2, 11.39%, 13, 0, 2, 3.75, 3447, 7465
1113, 0, 0, 260, 260, 2, 11.41%, 13, 0, 2, 3.51, 3462, 7479
1120, 0, 0, 262, 262, 2, 11.42%, 13, 0, 2, 3.69, 3489, 7487
1129, 0, 0, 264, 264, 2, 11.45%, 13, 0, 2, 3.57, 3515, 7501
1134, 0, 0, 266, 266, 2, 11.48%, 14, 0, 2, 3.57, 3534, 7522
1142, 0, 0, 268, 268, 2, 11.50%, 14, 0, 2, 3.58, 3560, 7534
1149, 0, 0, 270, 270, 2, 11.51%, 14, 0, 2, 3.56, 3588, 7544
1154, 0, 0, 272, 272, 2, 11.52%, 14, 0, 2, 3.70, 3616, 7552
1162, 0, 0, 273, 273, 2, 11.53%, 15, 0, 2, 3.58, 3632, 7559
1167, 0, 0, 274, 274, 2, 11.54%, 15, 0, 2, 3.49, 3647, 7561
1172, 0, 0, 275, 275, 2, 11.54%, 15, 0, 2, 3.36, 3661, 7565
1182, 0, 0, 277, 277, 2, 11.56%, 15, 0, 2, 3.31, 3687, 7579
1187, 0, 0, 278, 278, 2, 11.57%, 15, 0, 2, 3.19, 3701, 7584
1196, 0, 0, 280, 280, 2, 11.58%, 15, 0, 2, 3.18, 3727, 7589
1203, 0, 0, 281, 281, 2, 11.58%, 15, 0, 2, 3.10, 3740, 7591
1208, 0, 0, 282, 282, 2, 11.59%, 15, 0, 2, 3.06, 3753, 7593
1216, 0, 0, 284, 284, 2, 11.59%, 16, 0, 2, 3.22, 3783, 7598
1224, 0, 0, 285, 285, 2, 11.61%, 16, 0, 2, 3.16, 3799, 7610
1234, 0, 0, 287, 287, 2, 11.62%, 16, 0, 2, 3.11, 3825, 7618
1239, 0, 0, 288, 288, 2, 11.63%, 16, 0, 2, 2.97, 3841, 7619
1246, 0, 0, 290, 290, 2, 11.63%, 16, 0, 2, 3.29, 3870, 7625
1255, 0, 0, 292, 292, 2, 11.65%, 16, 0, 2, 3.30, 3897, 7633
1263, 0, 0, 294, 294, 2, 11.66%, 16, 0, 2, 3.37, 3923, 7643
1268, 0, 0, 295, 295, 2, 11.68%, 16, 0, 2, 3.31, 3936, 7656
1275, 0, 0, 296, 296, 2, 11.69%, 16, 0, 2, 3.23, 3949, 7658
1281, 0, 0, 298, 298, 2, 11.75%, 17, 0, 2, 3.44, 3978, 7701
1290, 0, 0, 300, 300, 2, 11.75%, 17, 0, 2, 3.39, 4004, 7702
1301, 0, 0, 302, 302, 2, 11.80%, 17, 0, 2, 3.26, 4030, 7730
1307, 0, 0, 303, 303, 2, 11.80%, 17, 0, 2, 3.20, 4043, 7732
1315, 0, 0, 305, 305, 2, 11.82%, 17, 0, 2, 3.25, 4069, 7744
1322, 0, 0, 307, 307, 2, 11.87%, 17, 0, 2, 3.34, 4095, 7776
1330, 0, 0, 309, 309, 2, 11.87%, 17, 0, 2, 3.51, 4124, 7778
1338, 0, 0, 311, 311, 2, 11.88%, 17, 0, 2, 3.64, 4153, 7783
1344, 0, 0, 312, 312, 2, 11.88%, 17, 0, 2, 3.55, 4168, 7788
1352, 0, 0, 314, 314, 2, 11.89%, 17, 0, 2, 3.75, 4197, 7794
1360, 0, 0, 316, 316, 2, 11.90%, 18, 0, 2, 3.73, 4226, 7799
1371, 0, 0, 318, 318, 2, 11.92%, 18, 0, 2, 3.52, 4253, 7814
1379, 0, 0, 320, 320, 2, 11.93%, 18, 0, 2, 3.45, 4282, 7819
1391, 0, 0, 322, 322, 2, 11.95%, 18, 0, 2, 3.28, 4310, 7834
1399, 0, 0, 324, 324, 2, 11.96%, 18, 0, 2, 3.25, 4337, 7836
1404, 0, 0, 325, 325, 2, 11.97%, 18, 0, 2, 3.20, 4350, 7843
1409, 0, 0, 326, 326, 2, 11.99%, 18, 0, 2, 3.15, 4364, 7859
1415, 0, 0, 327, 327, 2, 12.00%, 18, 0, 2, 3.07, 4379, 7865
1421, 0, 0, 328, 328, 2, 12.01%, 19, 0, 2, 3.22, 4395, 7870
1430, 0, 0, 330, 330, 2, 12.04%, 19, 0, 2, 3.19, 4421, 7888
1439, 0, 0, 332, 332, 2, 12.08%, 19, 0, 2, 3.16, 4449, 7915
1446, 0, 0, 334, 334, 2, 12.08%, 19, 0, 2, 3.36, 4476, 7920
1452, 0, 0, 336, 336, 2, 12.10%, 19, 0, 2, 3.44, 4504, 7929
1457, 0, 0, 337, 337, 2, 12.12%, 19, 0, 2, 3.39, 4518, 7940
1465, 0, 0, 338, 338, 2, 12.12%, 20, 0, 2, 3.34, 4538, 7944
1471, 0, 0, 340, 340, 2, 12.14%, 20, 0, 2, 3.48, 4564, 7958
1478, 0, 0, 342, 342, 2, 12.16%, 20, 0, 2, 3.56, 4590, 7970
1484, 0, 0, 343, 343, 2, 12.16%, 20, 0, 2, 3.47, 4603, 7971
1490, 0, 0, 344, 344, 2, 12.17%, 20, 0, 2, 3.35, 4617, 7973
1495, 0, 0, 345, 345, 2, 12.17%, 21, 0, 2, 3.42, 4633, 7977
1504, 0, 0, 347, 347, 2, 12.18%, 21, 0, 2, 3.46, 4661, 7983
1514, 0, 0, 349, 349, 2, 12.19%, 21, 0, 2, 3.59, 4692, 7989
1521, 0, 0, 351, 351, 2, 12.20%, 21, 0, 2, 3.52, 4720, 7994
1528, 0, 0, 353, 353, 2, 12.21%, 21, 0, 2, 3.55, 4746, 8001
1535, 0, 0, 354, 354, 2, 12.21%, 21, 0, 2, 3.46, 4759, 8003
1540, 0, 0, 355, 355, 2, 12.21%, 21, 0, 2, 3.39, 4772, 8005
1548, 0, 0, 357, 357, 2, 12.24%, 21, 0, 2, 3.40, 4798, 8020
1554, 0, 0, 358, 358, 2, 12.26%, 21, 0, 2, 3.31, 4812, 8032
1560, 0, 0, 359, 359, 2, 12.26%, 21, 0, 2, 3.26, 4826, 8032
1568, 0, 0, 361, 361, 2, 12.26%, 21, 0, 2, 3.37, 4855, 8036
1573, 0, 0, 362, 362, 2, 12.27%, 21, 0, 2, 3.24, 4869, 8039
1578, 0, 0, 363, 363, 2, 12.28%, 21, 0, 2, 3.16, 4884, 8046
1585, 0, 0, 365, 365, 2, 12.31%, 21, 0, 2, 3.43, 4911, 8069
1594, 0, 0, 367, 367, 2, 12.32%, 22, 0, 2, 3.56, 4942, 8073
1601, 0, 0, 368, 368, 2, 12.32%, 22, 0, 2, 3.41, 4957, 8076
1608, 0, 0, 370, 370, 2, 12.34%, 22, 0, 2, 3.56, 4985, 8085
1613, 0, 0, 371, 371, 2, 12.34%, 22, 0, 2, 3.48, 5001, 8090
1619, 0, 0, 372, 372, 2, 12.35%, 22, 0, 2, 3.31, 5019, 8093
1625, 0, 0, 373, 373, 2, 12.36%, 22, 0, 2, 3.23, 5032, 8099
1632, 0, 0, 374, 374, 2, 12.36%, 22, 0, 2, 3.10, 5046, 8101
1639, 0, 0, 375, 375, 2, 12.36%, 23, 0, 2, 3.11, 5066, 8102
1644, 0, 0, 376, 376, 2, 12.37%, 23, 0, 2, 3.12, 5081, 8105
1650, 0, 0, 377, 377, 2, 12.37%, 23, 0, 2, 2.99, 5096, 8109
1656, 0, 0, 379, 379, 2, 12.39%, 23, 0, 2, 3.13, 5124, 8117
1666, 0, 0, 381, 381, 2, 12.45%, 23, 0, 2, 3.13, 5151, 8162
1672, 0, 0, 382, 382, 2, 12.46%, 23, 0, 2, 3.03, 5165, 8167
1678, 0, 0, 383, 383, 2, 12.48%, 23, 0, 2, 3.21, 5185, 8176
1683, 0, 0, 384, 384, 2, 12.49%, 23, 0, 2, 3.30, 5201, 8187
1691, 0, 0, 386, 386, 2, 12.50%, 23, 0, 2, 3.25, 5229, 8195
1699, 0, 0, 388, 388, 2, 12.55%, 23, 0, 2, 3.25, 5255, 8226
1705, 0, 0, 389, 389, 2, 12.55%, 23, 0, 2, 3.14, 5269, 8227
1714, 0, 0, 391, 391, 2, 12.57%, 24, 0, 2, 3.36, 5299, 8236
1721, 0, 0, 392, 392, 2, 12.73%, 24, 0, 2, 3.27, 5312, 8343
1731, 0, 0, 394, 394, 2, 12.74%, 24, 0, 2, 3.18, 5339, 8349
1741, 0, 0, 396, 396, 2, 12.75%, 24, 0, 2, 3.12, 5366, 8356
1747, 0, 0, 397, 397, 2, 12.75%, 24, 0, 2, 3.07, 5379, 8358
1756, 0, 0, 399, 399, 2, 12.77%, 24, 0, 2, 3.02, 5405, 8372
1765, 0, 0, 401, 401, 2, 12.81%, 24, 0, 2, 3.02, 5431, 8393
1772, 0, 0, 403, 403, 2, 12.81%, 25, 0, 2, 3.35, 5462, 8397
1778, 0, 0, 404, 404, 2, 12.81%, 25, 0, 2, 3.27, 5475, 8398
1785, 0, 0, 406, 406, 2, 12.84%, 25, 0, 2, 3.39, 5503, 8415
1793, 0, 0, 408, 408, 2, 12.88%, 25, 0, 2, 3.39, 5529, 8441
1800, 0, 0, 410, 410, 2, 12.89%, 26, 0, 2, 3.53, 5559, 8445
1808, 0, 0, 412, 412, 2, 12.89%, 26, 0, 2, 3.52, 5586, 8450
1816, 0, 0, 414, 414, 2, 12.91%, 26, 0, 2, 3.52, 5612, 8458
1822, 0, 0, 415, 415, 2, 12.91%, 26, 0, 2, 3.43, 5625, 8460
1830, 0, 0, 417, 417, 2, 12.93%, 27, 0, 2, 3.53, 5653, 8475
1837, 0, 0, 419, 419, 2, 12.94%, 27, 0, 2, 3.59, 5679, 8479
1843, 0, 0, 420, 420, 2, 12.94%, 27, 0, 2, 3.60, 5695, 8483
1851, 0, 0, 422, 422, 2, 12.99%, 27, 0, 2, 3.65, 5722, 8512
1863, 0, 0, 424, 424, 2, 13.00%, 27, 0, 2, 3.47, 5748, 8522
1868, 0, 0, 425, 425, 2, 13.00%, 27, 0, 2, 3.34, 5764, 8522
1875, 0, 0, 427, 427, 2, 13.02%, 27, 0, 2, 3.40, 5791, 8535
1885, 0, 0, 429, 429, 2, 13.03%, 27, 0, 2, 3.30, 5819, 8539
1892, 0, 0, 430, 430, 2, 13.04%, 27, 0, 2, 3.45, 5836, 8545
1898, 0, 0, 431, 431, 2, 13.05%, 27, 0, 2, 3.24, 5851, 8555
1904, 0, 0, 432, 432, 2, 13.06%, 28, 0, 2, 3.31, 5866, 8557
1911, 0, 0, 434, 434, 2, 13.06%, 28, 0, 2, 3.47, 5894, 8560
1921, 0, 0, 436, 436, 2, 13.07%, 28, 0, 2, 3.37, 5921, 8566
1928, 0, 0, 437, 437, 2, 13.07%, 28, 0, 2, 3.28, 5934, 8567
1938, 0, 0, 439, 439, 2, 13.09%, 28, 0, 2, 3.20, 5962, 8577
1943, 0, 0, 440, 440, 2, 13.09%, 28, 0, 2, 3.16, 5975, 8581
1950, 0, 0, 441, 441, 2, 13.10%, 28, 0, 2, 3.09, 5992, 8582
1959, 0, 0, 443, 443, 2, 13.11%, 28, 0, 2, 2.96, 6021, 8594
1970, 0, 0, 445, 445, 2, 13.18%, 28, 0, 2, 3.12, 6053, 8637
1978, 0, 0, 447, 447, 2, 13.19%, 28, 0, 2, 3.13, 6081, 8645
1984, 0, 0, 448, 448, 2, 13.24%, 28, 0, 2, 3.03, 6096, 8679
1989, 0, 0, 449, 449, 2, 13.25%, 28, 0, 2, 2.96, 6110, 8681
1994, 0, 0, 450, 450, 2, 13.25%, 28, 0, 2, 2.93, 6123, 8681
2000, 0, 0, 452, 452, 2, 13.28%, 28, 0, 2, 3.24, 6150, 8702
2009, 0, 0, 454, 454, 2, 13.31%, 28, 0, 2, 3.19, 6176, 8720
2017, 0, 0, 456, 456, 2, 13.31%, 28, 0, 2, 3.14, 6204, 8722
2023, 0, 0, 457, 457, 2, 13.31%, 28, 0, 2, 3.09, 6217, 8723
2029, 0, 0, 458, 458, 2, 13.32%, 28, 0, 2, 3.22, 6233, 8727
2035, 0, 0, 460, 460, 2, 13.32%, 28, 0, 2, 3.36, 6259, 8728
2040, 0, 0, 461, 461, 2, 13.35%, 28, 0, 2, 3.26, 6276, 8748
2046, 0, 0, 462, 462, 2, 13.35%, 29, 0, 2, 3.38, 6292, 8751
2051, 0, 0, 463, 463, 2, 13.35%, 29, 0, 2, 3.28, 6306, 8751
2056, 0, 0, 464, 464, 2, 13.36%, 29, 0, 2, 3.18, 6320, 8755
2062, 0, 0, 465, 465, 2, 13.37%, 29, 0, 2, 3.31, 6337, 8759
2070, 0, 0, 467, 467, 2, 13.37%, 29, 0, 2, 3.19, 6356, 8762
2080, 0, 0, 469, 469, 2, 13.39%, 29, 0, 2, 3.26, 6386, 8777
2088, 0, 0, 471, 471, 2, 13.41%, 29, 0, 2, 3.23, 6415, 8787
2094, 0, 0, 472, 472, 2, 13.42%, 29, 0, 2, 3.16, 6428, 8795
2102, 0, 0, 474, 474, 2, 13.43%, 29, 0, 2, 3.21, 6459, 8801
2107, 0, 0, 475, 475, 2, 13.44%, 29, 0, 2, 3.16, 6473, 8806
2112, 0, 0, 476, 476, 2, 13.44%, 29, 0, 2, 3.03, 6490, 8810
2120, 0, 0, 477, 477, 2, 13.45%, 29, 0, 2, 3.03, 6511, 8813
2126, 0, 0, 478, 478, 2, 13.46%, 29, 0, 2, 2.98, 6524, 8824
2133, 0, 0, 480, 480, 2, 13.47%, 29, 0, 2, 3.02, 6551, 8828
2141, 0, 0, 482, 482, 2, 13.47%, 29, 0, 2, 3.11, 6580, 8829
2149, 0, 0, 484, 484, 2, 13.48%, 29, 0, 2, 3.12, 6607, 8835
2155, 0, 0, 485, 485, 2, 13.49%, 29, 0, 2, 3.00, 6625, 8838
2160, 0, 0, 486, 486, 2, 13.49%, 29, 0, 2, 2.93, 6642, 8842
2168, 0, 0, 488, 488, 2, 13.52%, 29, 0, 2, 3.15, 6669, 8862
2175, 0, 0, 490, 490, 2, 13.53%, 29, 0, 2, 3.21, 6699, 8868
2182, 0, 0, 491, 491, 2, 13.53%, 29, 0, 2, 3.09, 6715, 8869
2187, 0, 0, 492, 492, 2, 13.54%, 29, 0, 2, 3.39, 6734, 8875
2193, 0, 0, 493, 493, 2, 13.54%, 30, 0, 2, 3.53, 6756, 8876
2200, 0, 0, 495, 495, 2, 13.55%, 30, 0, 2, 3.72, 6784, 8883
2208, 0, 0, 497, 497, 2, 13.57%, 30, 0, 2, 3.66, 6810, 8890
2218, 0, 0, 499, 499, 2, 13.57%, 30, 0, 2, 3.61, 6837, 8895
2223, 0, 0, 500, 500, 2, 13.58%, 30, 0, 2, 3.51, 6851, 8897
2229, 0, 0, 501, 501, 2, 13.58%, 30, 0, 2, 3.44, 6864, 8902
2235, 0, 0, 502, 502, 2, 13.59%, 30, 0, 2, 3.36, 6877, 8907
2243, 0, 0, 504, 504, 2, 13.61%, 30, 0, 2, 3.39, 6907, 8917
2248, 0, 0, 505, 505, 2, 13.66%, 30, 0, 2, 3.31, 6921, 8954
2253, 0, 0, 506, 506, 2, 13.66%, 30, 0, 2, 3.43, 6939, 8955
2261, 0, 0, 507, 507, 2, 13.69%, 30, 0, 2, 3.25, 6953, 8970
2266, 0, 0, 509, 509, 2, 13.69%, 30, 0, 2, 3.47, 6982, 8972
2274, 0, 0, 511, 511, 2, 13.72%, 30, 0, 2, 3.46, 7008, 8993
2281, 0, 0, 513, 513, 2, 13.74%, 31, 0, 2, 3.49, 7038, 9004
2287, 0, 0, 514, 514, 2, 13.74%, 31, 0, 2, 3.36, 7054, 9006
2292, 0, 0, 515, 515, 2, 13.75%, 31, 0, 2, 3.26, 7068, 9010
2297, 0, 0, 516, 516, 2, 13.77%, 31, 0, 2, 3.17, 7082, 9022
2303, 0, 0, 517, 517, 2, 13.77%, 31, 0, 2, 3.13, 7095, 9024
2308, 0, 0, 518, 518, 2, 13.78%, 32, 0, 2, 3.52, 7117, 9029
2316, 0, 0, 520, 520, 2, 13.79%, 32, 0, 2, 3.55, 7147, 9038
2321, 0, 0, 521, 521, 2, 13.79%, 32, 0, 2, 3.48, 7160, 9039
2329, 0, 0, 523, 523, 2, 13.80%, 32, 0, 2, 3.52, 7187, 9045
2341, 0, 0, 525, 525, 2, 13.81%, 32, 0, 2, 3.37, 7213, 9050
2350, 0, 0, 527, 527, 2, 13.81%, 32, 0, 2, 3.30, 7239, 9053
2355, 0, 0, 528, 528, 2, 13.82%, 32, 0, 2, 3.26, 7258, 9060
2361, 0, 0, 529, 529, 2, 13.82%, 33, 0, 2, 3.35, 7273, 9060
2368, 0, 0, 531, 531, 2, 13.85%, 33, 0, 2, 3.43, 7299, 9076
2375, 0, 0, 532, 532, 2, 13.87%, 34, 0, 2, 3.40, 7316, 9092
2384, 0, 0, 534, 534, 2, 13.95%, 34, 0, 2, 3.34, 7345, 9139
2390, 0, 0, 535, 535, 2, 14.06%, 34, 0, 2, 3.22, 7359, 9217
2399, 0, 0, 537, 537, 2, 14.07%, 34, 0, 2, 3.15, 7386, 9222
2408, 0, 0, 539, 539, 2, 14.08%, 34, 0, 2, 3.12, 7412, 9230
2414, 0, 0, 540, 540, 2, 14.09%, 35, 0, 2, 3.49, 7437, 9232
2423, 0, 0, 542, 542, 2, 14.10%, 35, 0, 2, 3.36, 7464, 9242
2428, 0, 0, 543, 543, 2, 14.11%, 35, 0, 2, 3.41, 7479, 9246
2433, 0, 0, 545, 545, 2, 14.11%, 35, 0, 2, 3.64, 7509, 9250
2439, 0, 0, 547, 547, 2, 14.17%, 35, 0, 2, 3.74, 7535, 9288
2445, 0, 0, 548, 548, 2, 14.18%, 35, 0, 2, 3.60, 7552, 9292
2452, 0, 0, 550, 550, 2, 14.19%, 35, 0, 2, 3.53, 7582, 9297
2458, 0, 0, 551, 551, 2, 14.20%, 35, 0, 2, 3.51, 7600, 9303
2466, 0, 0, 553, 553, 2, 14.21%, 36, 0, 2, 3.61, 7630, 9311
2473, 0, 0, 554, 554, 2, 14.27%, 36, 0, 2, 3.43, 7644, 9350
2479, 0, 0, 555, 555, 2, 14.27%, 36, 0, 2, 3.36, 7657, 9355
2484, 0, 0, 556, 556, 2, 14.29%, 36, 0, 2, 3.19, 7672, 9367
2491, 0, 0, 558, 558, 2, 14.30%, 36, 0, 2, 3.53, 7702, 9371
2497, 0, 0, 559, 559, 2, 14.33%, 36, 0, 2, 3.65, 7724, 9394
2506, 0, 0, 561, 561, 2, 14.35%, 36, 0, 2, 3.54, 7750, 9404
2514, 0, 0, 563, 563, 2, 14.36%, 36, 0, 2, 3.50, 7778, 9408
3910, 0, 0, 564, 564, 2, 15.31%, 36, 0, 2, 0.01, 7793, 10035
3915, 0, 0, 565, 565, 2, 15.32%, 36, 0, 2, 3.80, 7810, 10037
3921, 0, 0, 566, 566, 2, 15.32%, 36, 0, 2, 3.56, 7832, 10039
3929, 0, 0, 568, 568, 2, 15.33%, 36, 0, 2, 3.52, 7860, 10046
3934, 0, 0, 569, 569, 2, 15.33%, 36, 0, 2, 3.49, 7874, 10049
3939, 0, 0, 570, 570, 2, 15.35%, 37, 0, 2, 3.55, 7895, 10062
3945, 0, 0, 571, 571, 2, 15.38%, 37, 0, 2, 3.46, 7908, 10079
3951, 0, 0, 572, 572, 2, 15.39%, 37, 0, 2, 3.39, 7921, 10083
3959, 0, 0, 574, 574, 2, 15.39%, 37, 0, 2, 3.42, 7948, 10085
3965, 0, 0, 575, 575, 2, 15.39%, 38, 0, 2, 3.48, 7963, 10087
3972, 0, 0, 577, 577, 2, 15.41%, 38, 0, 2, 3.50, 7989, 10100
3977, 0, 0, 578, 578, 2, 15.41%, 38, 0, 2, 3.37, 8003, 10102
3982, 0, 0, 580, 580, 2, 15.42%, 38, 0, 2, 3.59, 8029, 10106
3987, 0, 0, 582, 582, 2, 15.43%, 38, 0, 2, 3.89, 8056, 10111
3993, 0, 0, 583, 583, 2, 15.43%, 38, 0, 2, 3.79, 8073, 10111
3998, 0, 0, 584, 584, 2, 15.44%, 38, 0, 2, 3.60, 8089, 10116
4006, 0, 0, 585, 585, 2, 15.45%, 38, 0, 2, 3.62, 8111, 10124
4013, 0, 0, 586, 586, 2, 15.45%, 39, 0, 2, 3.47, 8129, 10128
4021, 0, 0, 588, 588, 2, 15.46%, 39, 0, 2, 3.45, 8156, 10131
4030, 0, 0, 590, 590, 2, 15.46%, 39, 0, 2, 3.27, 8185, 10134
4036, 0, 0, 591, 591, 2, 15.48%, 39, 0, 2, 3.22, 8199, 10148
4046, 0, 0, 593, 593, 2, 15.49%, 39, 0, 2, 3.20, 8226, 10152
4051, 0, 0, 594, 594, 2, 15.49%, 39, 0, 2, 3.14, 8243, 10154
4058, 0, 0, 596, 596, 2, 15.50%, 39, 0, 2, 3.34, 8269, 10158
4066, 0, 0, 598, 598, 2, 15.51%, 39, 0, 2, 3.34, 8296, 10163
4071, 0, 0, 599, 599, 2, 15.51%, 39, 0, 2, 3.26, 8312, 10165
4076, 0, 0, 600, 600, 2, 15.51%, 39, 0, 2, 3.25, 8327, 10167
4087, 0, 0, 602, 602, 2, 15.53%, 39, 0, 2, 3.13, 8355, 10177
4094, 0, 0, 603, 603, 2, 15.53%, 39, 0, 2, 3.06, 8369, 10181
4105, 0, 0, 605, 605, 2, 15.54%, 39, 0, 2, 2.99, 8395, 10186
4111, 0, 0, 607, 607, 2, 15.56%, 39, 0, 2, 0.00, 8416, 10196
